q	p	scale
1	1	3.220644129e-02
1	2	0.000000000e+00
1	3	1.668333667e-01
1	4	1.625325065e-01
1	5	1.715343069e-01
1	6	1.726345269e-01
1	7	1.651330266e-01
1	8	1.645329066e-01
1	9	1.676335267e-01
1	10	1.738347670e-01
1	11	1.724344869e-01
1	12	1.657331466e-01
1	13	1.693338668e-01
1	14	1.654330866e-01
1	15	1.687337467e-01
1	16	1.583316663e-01
1	17	1.661332266e-01
1	18	1.691338268e-01
1	19	1.668333667e-01
1	20	1.640328066e-01
1	21	1.619323865e-01
1	22	1.682336467e-01
1	23	1.673334667e-01
1	24	1.670334067e-01
1	25	1.658331666e-01
1	26	1.675335067e-01
1	27	1.647329466e-01
1	28	1.697339468e-01
1	29	1.663332667e-01
1	30	1.722344469e-01
1	31	1.694338868e-01
1	32	1.726345269e-01
1	33	1.693338668e-01
1	34	1.659331866e-01
1	35	1.666333267e-01
1	36	1.624324865e-01
1	37	1.697339468e-01
1	38	1.703340668e-01
1	39	1.674334867e-01
1	40	1.667333467e-01
1	41	1.634326865e-01
1	42	1.630326065e-01
1	43	1.607321464e-01
1	44	1.642328466e-01
1	45	1.668333667e-01
1	46	1.657331466e-01
1	47	1.677335467e-01
1	48	1.696339268e-01
1	49	1.649329866e-01
1	50	1.677335467e-01
1	51	1.667333467e-01
1	52	1.645329066e-01
1	53	1.684336867e-01
1	54	1.639327866e-01
1	55	1.648329666e-01
1	56	1.675335067e-01
1	57	1.685337067e-01
1	58	1.671334267e-01
1	59	1.692338468e-01
1	60	1.644328866e-01
1	61	1.666333267e-01
1	62	1.656331266e-01
1	63	1.667333467e-01
1	64	1.675335067e-01
1	65	1.640328066e-01
1	66	1.647329466e-01
1	67	1.684336867e-01
1	68	1.644328866e-01
1	69	1.655331066e-01
1	70	1.644328866e-01
1	71	1.639327866e-01
1	72	1.668333667e-01
1	73	1.670334067e-01
1	74	1.713342669e-01
1	75	1.664332867e-01
1	76	1.736347269e-01
1	77	1.712342468e-01
1	78	1.661332266e-01
1	79	1.620324065e-01
1	80	1.675335067e-01
1	81	1.671334267e-01
1	82	1.627325465e-01
1	83	1.686337267e-01
1	84	1.679335867e-01
1	85	1.675335067e-01
1	86	1.673334667e-01
1	87	1.653330666e-01
1	88	1.712342468e-01
1	89	1.665333067e-01
1	90	1.650330066e-01
1	91	1.696339268e-01
1	92	1.659331866e-01
1	93	1.644328866e-01
1	94	1.690338068e-01
1	95	1.741348270e-01
1	96	1.698339668e-01
1	97	1.698339668e-01
1	98	1.659331866e-01
1	99	1.651330266e-01
1	100	1.709341868e-01
2	1	0.000000000e+00
2	2	4.194838968e-01
2	3	1.660332066e-01
2	4	1.653330666e-01
2	5	1.640328066e-01
2	6	1.642328466e-01
2	7	1.682336467e-01
2	8	1.642328466e-01
2	9	1.653330666e-01
2	10	1.653330666e-01
2	11	1.668333667e-01
2	12	1.660332066e-01
2	13	1.659331866e-01
2	14	1.677335467e-01
2	15	1.709341868e-01
2	16	1.657331466e-01
2	17	1.685337067e-01
2	18	1.640328066e-01
2	19	1.651330266e-01
2	20	1.588317664e-01
2	21	1.669333867e-01
2	22	1.709341868e-01
2	23	1.627325465e-01
2	24	1.678335667e-01
2	25	1.670334067e-01
2	26	1.664332867e-01
2	27	1.621324265e-01
2	28	1.640328066e-01
2	29	1.699339868e-01
2	30	1.661332266e-01
2	31	1.646329266e-01
2	32	1.695339068e-01
2	33	1.641328266e-01
2	34	1.627325465e-01
2	35	1.709341868e-01
2	36	1.660332066e-01
2	37	1.636327265e-01
2	38	1.696339268e-01
2	39	1.695339068e-01
2	40	1.641328266e-01
2	41	1.722344469e-01
2	42	1.640328066e-01
2	43	1.623324665e-01
2	44	1.622324465e-01
2	45	1.713342669e-01
2	46	1.652330466e-01
2	47	1.630326065e-01
2	48	1.683336667e-01
2	49	1.677335467e-01
2	50	1.647329466e-01
2	51	1.654330866e-01
2	52	1.674334867e-01
2	53	1.674334867e-01
2	54	1.668333667e-01
2	55	1.669333867e-01
2	56	1.643328666e-01
2	57	1.656331266e-01
2	58	1.632326465e-01
2	59	1.707341468e-01
2	60	1.649329866e-01
2	61	1.645329066e-01
2	62	1.666333267e-01
2	63	1.686337267e-01
2	64	1.642328466e-01
2	65	1.620324065e-01
2	66	1.636327265e-01
2	67	1.657331466e-01
2	68	1.694338868e-01
2	69	1.689337868e-01
2	70	1.681336267e-01
2	71	1.654330866e-01
2	72	1.672334467e-01
2	73	1.686337267e-01
2	74	1.703340668e-01
2	75	1.621324265e-01
2	76	1.649329866e-01
2	77	1.675335067e-01
2	78	1.641328266e-01
2	79	1.620324065e-01
2	80	1.702340468e-01
2	81	1.646329266e-01
2	82	1.679335867e-01
2	83	1.658331666e-01
2	84	1.716343269e-01
2	85	1.738347670e-01
2	86	1.672334467e-01
2	87	1.719343869e-01
2	88	1.676335267e-01
2	89	1.684336867e-01
2	90	1.639327866e-01
2	91	1.645329066e-01
2	92	1.708341668e-01
2	93	1.721344269e-01
2	94	1.627325465e-01
2	95	1.705341068e-01
2	96	1.622324465e-01
2	97	1.688337668e-01
2	98	1.664332867e-01
2	99	1.638327666e-01
2	100	1.616323265e-01
3	1	1.668333667e-01
3	2	1.660332066e-01
3	3	2.041408282e-01
3	4	1.669333867e-01
3	5	1.651330266e-01
3	6	1.632326465e-01
3	7	1.673334667e-01
3	8	1.667333467e-01
3	9	1.675335067e-01
3	10	1.633326665e-01
3	11	1.638327666e-01
3	12	1.723344669e-01
3	13	1.603320664e-01
3	14	1.691338268e-01
3	15	1.664332867e-01
3	16	1.703340668e-01
3	17	1.676335267e-01
3	18	1.652330466e-01
3	19	1.722344469e-01
3	20	1.695339068e-01
3	21	1.663332667e-01
3	22	1.633326665e-01
3	23	1.670334067e-01
3	24	1.664332867e-01
3	25	1.664332867e-01
3	26	1.651330266e-01
3	27	1.652330466e-01
3	28	1.718343669e-01
3	29	1.657331466e-01
3	30	1.677335467e-01
3	31	1.685337067e-01
3	32	1.674334867e-01
3	33	1.632326465e-01
3	34	1.651330266e-01
3	35	1.625325065e-01
3	36	1.707341468e-01
3	37	1.693338668e-01
3	38	1.702340468e-01
3	39	1.667333467e-01
3	40	1.666333267e-01
3	41	1.695339068e-01
3	42	1.702340468e-01
3	43	1.581316263e-01
3	44	1.632326465e-01
3	45	1.658331666e-01
3	46	1.627325465e-01
3	47	1.678335667e-01
3	48	1.686337267e-01
3	49	1.649329866e-01
3	50	1.662332466e-01
3	51	1.658331666e-01
3	52	1.660332066e-01
3	53	1.661332266e-01
3	54	1.608321664e-01
3	55	1.674334867e-01
3	56	1.598319664e-01
3	57	1.693338668e-01
3	58	1.689337868e-01
3	59	1.675335067e-01
3	60	1.678335667e-01
3	61	1.697339468e-01
3	62	1.683336667e-01
3	63	1.698339668e-01
3	64	1.606321264e-01
3	65	1.640328066e-01
3	66	1.664332867e-01
3	67	1.644328866e-01
3	68	1.633326665e-01
3	69	1.672334467e-01
3	70	1.695339068e-01
3	71	1.663332667e-01
3	72	1.669333867e-01
3	73	1.655331066e-01
3	74	1.665333067e-01
3	75	1.600320064e-01
3	76	1.653330666e-01
3	77	1.663332667e-01
3	78	1.657331466e-01
3	79	1.687337467e-01
3	80	1.670334067e-01
3	81	1.576315263e-01
3	82	1.655331066e-01
3	83	1.692338468e-01
3	84	1.641328266e-01
3	85	1.664332867e-01
3	86	1.655331066e-01
3	87	1.658331666e-01
3	88	1.644328866e-01
3	89	1.657331466e-01
3	90	1.700340068e-01
3	91	1.685337067e-01
3	92	1.637327465e-01
3	93	1.620324065e-01
3	94	1.657331466e-01
3	95	1.675335067e-01
3	96	1.653330666e-01
3	97	1.689337868e-01
3	98	1.606321264e-01
3	99	1.623324665e-01
3	100	1.607321464e-01
4	1	1.625325065e-01
4	2	1.653330666e-01
4	3	1.669333867e-01
4	4	1.937387477e-01
4	5	1.639327866e-01
4	6	1.646329266e-01
4	7	1.654330866e-01
4	8	1.677335467e-01
4	9	1.655331066e-01
4	10	1.667333467e-01
4	11	1.709341868e-01
4	12	1.636327265e-01
4	13	1.702340468e-01
4	14	1.656331266e-01
4	15	1.603320664e-01
4	16	1.657331466e-01
4	17	1.680336067e-01
4	18	1.640328066e-01
4	19	1.689337868e-01
4	20	1.617323465e-01
4	21	1.633326665e-01
4	22	1.632326465e-01
4	23	1.643328666e-01
4	24	1.725345069e-01
4	25	1.677335467e-01
4	26	1.634326865e-01
4	27	1.701340268e-01
4	28	1.661332266e-01
4	29	1.677335467e-01
4	30	1.707341468e-01
4	31	1.669333867e-01
4	32	1.681336267e-01
4	33	1.642328466e-01
4	34	1.679335867e-01
4	35	1.637327465e-01
4	36	1.657331466e-01
4	37	1.694338868e-01
4	38	1.651330266e-01
4	39	1.675335067e-01
4	40	1.647329466e-01
4	41	1.669333867e-01
4	42	1.672334467e-01
4	43	1.623324665e-01
4	44	1.645329066e-01
4	45	1.637327465e-01
4	46	1.698339668e-01
4	47	1.672334467e-01
4	48	1.717343469e-01
4	49	1.672334467e-01
4	50	1.631326265e-01
4	51	1.620324065e-01
4	52	1.645329066e-01
4	53	1.671334267e-01
4	54	1.683336667e-01
4	55	1.640328066e-01
4	56	1.699339868e-01
4	57	1.704340868e-01
4	58	1.662332466e-01
4	59	1.650330066e-01
4	60	1.625325065e-01
4	61	1.677335467e-01
4	62	1.664332867e-01
4	63	1.689337868e-01
4	64	1.688337668e-01
4	65	1.688337668e-01
4	66	1.635327065e-01
4	67	1.659331866e-01
4	68	1.676335267e-01
4	69	1.648329666e-01
4	70	1.613322665e-01
4	71	1.648329666e-01
4	72	1.666333267e-01
4	73	1.659331866e-01
4	74	1.664332867e-01
4	75	1.639327866e-01
4	76	1.711342268e-01
4	77	1.650330066e-01
4	78	1.643328666e-01
4	79	1.770354071e-01
4	80	1.666333267e-01
4	81	1.673334667e-01
4	82	1.650330066e-01
4	83	1.697339468e-01
4	84	1.674334867e-01
4	85	1.605321064e-01
4	86	1.628325665e-01
4	87	1.686337267e-01
4	88	1.651330266e-01
4	89	1.660332066e-01
4	90	1.737347469e-01
4	91	1.671334267e-01
4	92	1.655331066e-01
4	93	1.691338268e-01
4	94	1.645329066e-01
4	95	1.664332867e-01
4	96	1.692338468e-01
4	97	1.679335867e-01
4	98	1.704340868e-01
4	99	1.671334267e-01
4	100	1.748349670e-01
5	1	1.715343069e-01
5	2	1.640328066e-01
5	3	1.651330266e-01
5	4	1.639327866e-01
5	5	1.614322865e-01
5	6	1.656331266e-01
5	7	1.622324465e-01
5	8	1.688337668e-01
5	9	1.704340868e-01
5	10	1.654330866e-01
5	11	1.625325065e-01
5	12	1.678335667e-01
5	13	1.665333067e-01
5	14	1.683336667e-01
5	15	1.635327065e-01
5	16	1.695339068e-01
5	17	1.672334467e-01
5	18	1.658331666e-01
5	19	1.659331866e-01
5	20	1.663332667e-01
5	21	1.621324265e-01
5	22	1.661332266e-01
5	23	1.696339268e-01
5	24	1.688337668e-01
5	25	1.652330466e-01
5	26	1.625325065e-01
5	27	1.684336867e-01
5	28	1.673334667e-01
5	29	1.687337467e-01
5	30	1.659331866e-01
5	31	1.681336267e-01
5	32	1.690338068e-01
5	33	1.668333667e-01
5	34	1.644328866e-01
5	35	1.679335867e-01
5	36	1.670334067e-01
5	37	1.674334867e-01
5	38	1.699339868e-01
5	39	1.677335467e-01
5	40	1.677335467e-01
5	41	1.666333267e-01
5	42	1.680336067e-01
5	43	1.679335867e-01
5	44	1.618323665e-01
5	45	1.688337668e-01
5	46	1.631326265e-01
5	47	1.664332867e-01
5	48	1.632326465e-01
5	49	1.661332266e-01
5	50	1.719343869e-01
5	51	1.656331266e-01
5	52	1.656331266e-01
5	53	1.695339068e-01
5	54	1.644328866e-01
5	55	1.666333267e-01
5	56	1.636327265e-01
5	57	1.689337868e-01
5	58	1.684336867e-01
5	59	1.676335267e-01
5	60	1.672334467e-01
5	61	1.643328666e-01
5	62	1.704340868e-01
5	63	1.639327866e-01
5	64	1.705341068e-01
5	65	1.689337868e-01
5	66	1.656331266e-01
5	67	1.695339068e-01
5	68	1.698339668e-01
5	69	1.660332066e-01
5	70	1.697339468e-01
5	71	1.699339868e-01
5	72	1.682336467e-01
5	73	1.676335267e-01
5	74	1.722344469e-01
5	75	1.619323865e-01
5	76	1.661332266e-01
5	77	1.655331066e-01
5	78	1.661332266e-01
5	79	1.692338468e-01
5	80	1.697339468e-01
5	81	1.649329866e-01
5	82	1.660332066e-01
5	83	1.639327866e-01
5	84	1.678335667e-01
5	85	1.688337668e-01
5	86	1.660332066e-01
5	87	1.691338268e-01
5	88	1.685337067e-01
5	89	1.653330666e-01
5	90	1.682336467e-01
5	91	1.698339668e-01
5	92	1.691338268e-01
5	93	1.636327265e-01
5	94	1.674334867e-01
5	95	1.645329066e-01
5	96	1.652330466e-01
5	97	1.711342268e-01
5	98	1.647329466e-01
5	99	1.651330266e-01
5	100	1.698339668e-01
6	1	1.726345269e-01
6	2	1.642328466e-01
6	3	1.632326465e-01
6	4	1.646329266e-01
6	5	1.656331266e-01
6	6	2.096419284e-01
6	7	1.666333267e-01
6	8	1.692338468e-01
6	9	1.641328266e-01
6	10	1.653330666e-01
6	11	1.595319064e-01
6	12	1.676335267e-01
6	13	1.689337868e-01
6	14	1.712342468e-01
6	15	1.695339068e-01
6	16	1.697339468e-01
6	17	1.678335667e-01
6	18	1.593318664e-01
6	19	1.632326465e-01
6	20	1.674334867e-01
6	21	1.691338268e-01
6	22	1.669333867e-01
6	23	1.685337067e-01
6	24	1.715343069e-01
6	25	1.647329466e-01
6	26	1.632326465e-01
6	27	1.700340068e-01
6	28	1.664332867e-01
6	29	1.652330466e-01
6	30	1.649329866e-01
6	31	1.687337467e-01
6	32	1.651330266e-01
6	33	1.639327866e-01
6	34	1.686337267e-01
6	35	1.704340868e-01
6	36	1.719343869e-01
6	37	1.659331866e-01
6	38	1.689337868e-01
6	39	1.638327666e-01
6	40	1.649329866e-01
6	41	1.678335667e-01
6	42	1.651330266e-01
6	43	1.687337467e-01
6	44	1.654330866e-01
6	45	1.673334667e-01
6	46	1.658331666e-01
6	47	1.650330066e-01
6	48	1.670334067e-01
6	49	1.670334067e-01
6	50	1.718343669e-01
6	51	1.676335267e-01
6	52	1.680336067e-01
6	53	1.697339468e-01
6	54	1.588317664e-01
6	55	1.638327666e-01
6	56	1.680336067e-01
6	57	1.679335867e-01
6	58	1.671334267e-01
6	59	1.633326665e-01
6	60	1.665333067e-01
6	61	1.661332266e-01
6	62	1.688337668e-01
6	63	1.672334467e-01
6	64	1.700340068e-01
6	65	1.672334467e-01
6	66	1.647329466e-01
6	67	1.677335467e-01
6	68	1.640328066e-01
6	69	1.624324865e-01
6	70	1.672334467e-01
6	71	1.649329866e-01
6	72	1.625325065e-01
6	73	1.661332266e-01
6	74	1.662332466e-01
6	75	1.660332066e-01
6	76	1.627325465e-01
6	77	1.701340268e-01
6	78	1.650330066e-01
6	79	1.713342669e-01
6	80	1.691338268e-01
6	81	1.670334067e-01
6	82	1.670334067e-01
6	83	1.669333867e-01
6	84	1.677335467e-01
6	85	1.649329866e-01
6	86	1.704340868e-01
6	87	1.637327465e-01
6	88	1.706341268e-01
6	89	1.651330266e-01
6	90	1.731346269e-01
6	91	1.620324065e-01
6	92	1.671334267e-01
6	93	1.653330666e-01
6	94	1.673334667e-01
6	95	1.663332667e-01
6	96	1.711342268e-01
6	97	1.679335867e-01
6	98	1.687337467e-01
6	99	1.625325065e-01
6	100	1.659331866e-01
7	1	1.651330266e-01
7	2	1.682336467e-01
7	3	1.673334667e-01
7	4	1.654330866e-01
7	5	1.622324465e-01
7	6	1.666333267e-01
7	7	2.026405281e-01
7	8	1.678335667e-01
7	9	1.619323865e-01
7	10	1.663332667e-01
7	11	1.579315863e-01
7	12	1.672334467e-01
7	13	1.648329666e-01
7	14	1.675335067e-01
7	15	1.664332867e-01
7	16	1.646329266e-01
7	17	1.671334267e-01
7	18	1.712342468e-01
7	19	1.702340468e-01
7	20	1.693338668e-01
7	21	1.672334467e-01
7	22	1.688337668e-01
7	23	1.706341268e-01
7	24	1.602320464e-01
7	25	1.672334467e-01
7	26	1.696339268e-01
7	27	1.703340668e-01
7	28	1.689337868e-01
7	29	1.622324465e-01
7	30	1.689337868e-01
7	31	1.687337467e-01
7	32	1.693338668e-01
7	33	1.650330066e-01
7	34	1.645329066e-01
7	35	1.691338268e-01
7	36	1.667333467e-01
7	37	1.684336867e-01
7	38	1.637327465e-01
7	39	1.643328666e-01
7	40	1.670334067e-01
7	41	1.685337067e-01
7	42	1.686337267e-01
7	43	1.701340268e-01
7	44	1.653330666e-01
7	45	1.645329066e-01
7	46	1.649329866e-01
7	47	1.659331866e-01
7	48	1.667333467e-01
7	49	1.678335667e-01
7	50	1.662332466e-01
7	51	1.680336067e-01
7	52	1.608321664e-01
7	53	1.628325665e-01
7	54	1.693338668e-01
7	55	1.709341868e-01
7	56	1.636327265e-01
7	57	1.672334467e-01
7	58	1.602320464e-01
7	59	1.686337267e-01
7	60	1.707341468e-01
7	61	1.632326465e-01
7	62	1.662332466e-01
7	63	1.646329266e-01
7	64	1.603320664e-01
7	65	1.628325665e-01
7	66	1.666333267e-01
7	67	1.624324865e-01
7	68	1.669333867e-01
7	69	1.681336267e-01
7	70	1.693338668e-01
7	71	1.665333067e-01
7	72	1.627325465e-01
7	73	1.689337868e-01
7	74	1.692338468e-01
7	75	1.713342669e-01
7	76	1.652330466e-01
7	77	1.674334867e-01
7	78	1.673334667e-01
7	79	1.700340068e-01
7	80	1.650330066e-01
7	81	1.649329866e-01
7	82	1.708341668e-01
7	83	1.664332867e-01
7	84	1.709341868e-01
7	85	1.676335267e-01
7	86	1.718343669e-01
7	87	1.686337267e-01
7	88	1.678335667e-01
7	89	1.661332266e-01
7	90	1.702340468e-01
7	91	1.671334267e-01
7	92	1.640328066e-01
7	93	1.690338068e-01
7	94	1.700340068e-01
7	95	1.662332466e-01
7	96	1.660332066e-01
7	97	1.668333667e-01
7	98	1.673334667e-01
7	99	1.699339868e-01
7	100	1.676335267e-01
8	1	1.645329066e-01
8	2	1.642328466e-01
8	3	1.667333467e-01
8	4	1.677335467e-01
8	5	1.688337668e-01
8	6	1.692338468e-01
8	7	1.678335667e-01
8	8	2.015403081e-01
8	9	1.680336067e-01
8	10	1.615323065e-01
8	11	1.646329266e-01
8	12	1.631326265e-01
8	13	1.613322665e-01
8	14	1.678335667e-01
8	15	1.665333067e-01
8	16	1.695339068e-01
8	17	1.653330666e-01
8	18	1.646329266e-01
8	19	1.671334267e-01
8	20	1.694338868e-01
8	21	1.715343069e-01
8	22	1.667333467e-01
8	23	1.605321064e-01
8	24	1.690338068e-01
8	25	1.627325465e-01
8	26	1.713342669e-01
8	27	1.671334267e-01
8	28	1.668333667e-01
8	29	1.649329866e-01
8	30	1.646329266e-01
8	31	1.650330066e-01
8	32	1.673334667e-01
8	33	1.658331666e-01
8	34	1.648329666e-01
8	35	1.656331266e-01
8	36	1.646329266e-01
8	37	1.682336467e-01
8	38	1.667333467e-01
8	39	1.674334867e-01
8	40	1.725345069e-01
8	41	1.660332066e-01
8	42	1.727345469e-01
8	43	1.610322064e-01
8	44	1.703340668e-01
8	45	1.647329466e-01
8	46	1.624324865e-01
8	47	1.661332266e-01
8	48	1.644328866e-01
8	49	1.637327465e-01
8	50	1.682336467e-01
8	51	1.621324265e-01
8	52	1.647329466e-01
8	53	1.663332667e-01
8	54	1.704340868e-01
8	55	1.622324465e-01
8	56	1.703340668e-01
8	57	1.613322665e-01
8	58	1.660332066e-01
8	59	1.666333267e-01
8	60	1.682336467e-01
8	61	1.693338668e-01
8	62	1.673334667e-01
8	63	1.732346469e-01
8	64	1.642328466e-01
8	65	1.715343069e-01
8	66	1.669333867e-01
8	67	1.709341868e-01
8	68	1.669333867e-01
8	69	1.636327265e-01
8	70	1.691338268e-01
8	71	1.666333267e-01
8	72	1.708341668e-01
8	73	1.697339468e-01
8	74	1.686337267e-01
8	75	1.708341668e-01
8	76	1.659331866e-01
8	77	1.689337868e-01
8	78	1.674334867e-01
8	79	1.631326265e-01
8	80	1.621324265e-01
8	81	1.622324465e-01
8	82	1.623324665e-01
8	83	1.701340268e-01
8	84	1.678335667e-01
8	85	1.632326465e-01
8	86	1.662332466e-01
8	87	1.650330066e-01
8	88	1.599319864e-01
8	89	1.696339268e-01
8	90	1.674334867e-01
8	91	1.692338468e-01
8	92	1.689337868e-01
8	93	1.719343869e-01
8	94	1.656331266e-01
8	95	1.666333267e-01
8	96	1.683336667e-01
8	97	1.632326465e-01
8	98	1.667333467e-01
8	99	1.672334467e-01
8	100	1.700340068e-01
9	1	1.676335267e-01
9	2	1.653330666e-01
9	3	1.675335067e-01
9	4	1.655331066e-01
9	5	1.704340868e-01
9	6	1.641328266e-01
9	7	1.619323865e-01
9	8	1.680336067e-01
9	9	1.971394279e-01
9	10	1.608321664e-01
9	11	1.662332466e-01
9	12	1.692338468e-01
9	13	1.627325465e-01
9	14	1.684336867e-01
9	15	1.693338668e-01
9	16	1.638327666e-01
9	17	1.636327265e-01
9	18	1.706341268e-01
9	19	1.670334067e-01
9	20	1.664332867e-01
9	21	1.676335267e-01
9	22	1.635327065e-01
9	23	1.657331466e-01
9	24	1.668333667e-01
9	25	1.643328666e-01
9	26	1.686337267e-01
9	27	1.648329666e-01
9	28	1.721344269e-01
9	29	1.704340868e-01
9	30	1.657331466e-01
9	31	1.675335067e-01
9	32	1.676335267e-01
9	33	1.661332266e-01
9	34	1.671334267e-01
9	35	1.723344669e-01
9	36	1.653330666e-01
9	37	1.693338668e-01
9	38	1.694338868e-01
9	39	1.625325065e-01
9	40	1.643328666e-01
9	41	1.642328466e-01
9	42	1.685337067e-01
9	43	1.703340668e-01
9	44	1.676335267e-01
9	45	1.658331666e-01
9	46	1.686337267e-01
9	47	1.629325865e-01
9	48	1.685337067e-01
9	49	1.664332867e-01
9	50	1.653330666e-01
9	51	1.654330866e-01
9	52	1.673334667e-01
9	53	1.690338068e-01
9	54	1.656331266e-01
9	55	1.657331466e-01
9	56	1.667333467e-01
9	57	1.671334267e-01
9	58	1.647329466e-01
9	59	1.707341468e-01
9	60	1.677335467e-01
9	61	1.637327465e-01
9	62	1.685337067e-01
9	63	1.636327265e-01
9	64	1.629325865e-01
9	65	1.668333667e-01
9	66	1.646329266e-01
9	67	1.673334667e-01
9	68	1.686337267e-01
9	69	1.685337067e-01
9	70	1.669333867e-01
9	71	1.695339068e-01
9	72	1.630326065e-01
9	73	1.669333867e-01
9	74	1.658331666e-01
9	75	1.655331066e-01
9	76	1.629325865e-01
9	77	1.637327465e-01
9	78	1.660332066e-01
9	79	1.712342468e-01
9	80	1.722344469e-01
9	81	1.658331666e-01
9	82	1.670334067e-01
9	83	1.673334667e-01
9	84	1.632326465e-01
9	85	1.662332466e-01
9	86	1.631326265e-01
9	87	1.679335867e-01
9	88	1.709341868e-01
9	89	1.639327866e-01
9	90	1.610322064e-01
9	91	1.663332667e-01
9	92	1.652330466e-01
9	93	1.651330266e-01
9	94	1.653330666e-01
9	95	1.671334267e-01
9	96	1.642328466e-01
9	97	1.649329866e-01
9	98	1.690338068e-01
9	99	1.678335667e-01
9	100	1.681336267e-01
10	1	1.738347670e-01
10	2	1.653330666e-01
10	3	1.633326665e-01
10	4	1.667333467e-01
10	5	1.654330866e-01
10	6	1.653330666e-01
10	7	1.663332667e-01
10	8	1.615323065e-01
10	9	1.608321664e-01
10	10	2.131426285e-01
10	11	1.683336667e-01
10	12	1.701340268e-01
10	13	1.684336867e-01
10	14	1.654330866e-01
10	15	1.671334267e-01
10	16	1.663332667e-01
10	17	1.671334267e-01
10	18	1.662332466e-01
10	19	1.677335467e-01
10	20	1.702340468e-01
10	21	1.646329266e-01
10	22	1.660332066e-01
10	23	1.623324665e-01
10	24	1.666333267e-01
10	25	1.645329066e-01
10	26	1.713342669e-01
10	27	1.702340468e-01
10	28	1.596319264e-01
10	29	1.667333467e-01
10	30	1.683336667e-01
10	31	1.658331666e-01
10	32	1.668333667e-01
10	33	1.693338668e-01
10	34	1.642328466e-01
10	35	1.672334467e-01
10	36	1.617323465e-01
10	37	1.610322064e-01
10	38	1.687337467e-01
10	39	1.627325465e-01
10	40	1.674334867e-01
10	41	1.683336667e-01
10	42	1.669333867e-01
10	43	1.643328666e-01
10	44	1.619323865e-01
10	45	1.646329266e-01
10	46	1.670334067e-01
10	47	1.649329866e-01
10	48	1.646329266e-01
10	49	1.660332066e-01
10	50	1.622324465e-01
10	51	1.689337868e-01
10	52	1.611322264e-01
10	53	1.651330266e-01
10	54	1.673334667e-01
10	55	1.684336867e-01
10	56	1.744348870e-01
10	57	1.658331666e-01
10	58	1.643328666e-01
10	59	1.695339068e-01
10	60	1.671334267e-01
10	61	1.670334067e-01
10	62	1.652330466e-01
10	63	1.691338268e-01
10	64	1.684336867e-01
10	65	1.671334267e-01
10	66	1.633326665e-01
10	67	1.654330866e-01
10	68	1.757351470e-01
10	69	1.657331466e-01
10	70	1.646329266e-01
10	71	1.650330066e-01
10	72	1.652330466e-01
10	73	1.653330666e-01
10	74	1.694338868e-01
10	75	1.650330066e-01
10	76	1.661332266e-01
10	77	1.649329866e-01
10	78	1.642328466e-01
10	79	1.664332867e-01
10	80	1.690338068e-01
10	81	1.664332867e-01
10	82	1.692338468e-01
10	83	1.662332466e-01
10	84	1.700340068e-01
10	85	1.648329666e-01
10	86	1.663332667e-01
10	87	1.615323065e-01
10	88	1.650330066e-01
10	89	1.668333667e-01
10	90	1.658331666e-01
10	91	1.681336267e-01
10	92	1.737347469e-01
10	93	1.682336467e-01
10	94	1.626325265e-01
10	95	1.672334467e-01
10	96	1.624324865e-01
10	97	1.703340668e-01
10	98	1.646329266e-01
10	99	1.701340268e-01
10	100	1.659331866e-01
11	1	1.724344869e-01
11	2	1.668333667e-01
11	3	1.638327666e-01
11	4	1.709341868e-01
11	5	1.625325065e-01
11	6	1.595319064e-01
11	7	1.579315863e-01
11	8	1.646329266e-01
11	9	1.662332466e-01
11	10	1.683336667e-01
11	11	2.083416683e-01
11	12	1.640328066e-01
11	13	1.700340068e-01
11	14	1.629325865e-01
11	15	1.693338668e-01
11	16	1.684336867e-01
11	17	1.664332867e-01
11	18	1.703340668e-01
11	19	1.670334067e-01
11	20	1.663332667e-01
11	21	1.676335267e-01
11	22	1.667333467e-01
11	23	1.693338668e-01
11	24	1.675335067e-01
11	25	1.717343469e-01
11	26	1.667333467e-01
11	27	1.679335867e-01
11	28	1.669333867e-01
11	29	1.653330666e-01
11	30	1.674334867e-01
11	31	1.688337668e-01
11	32	1.683336667e-01
11	33	1.658331666e-01
11	34	1.616323265e-01
11	35	1.620324065e-01
11	36	1.620324065e-01
11	37	1.656331266e-01
11	38	1.709341868e-01
11	39	1.687337467e-01
11	40	1.687337467e-01
11	41	1.682336467e-01
11	42	1.611322264e-01
11	43	1.657331466e-01
11	44	1.653330666e-01
11	45	1.633326665e-01
11	46	1.679335867e-01
11	47	1.683336667e-01
11	48	1.591318264e-01
11	49	1.629325865e-01
11	50	1.666333267e-01
11	51	1.715343069e-01
11	52	1.676335267e-01
11	53	1.662332466e-01
11	54	1.641328266e-01
11	55	1.617323465e-01
11	56	1.610322064e-01
11	57	1.641328266e-01
11	58	1.706341268e-01
11	59	1.635327065e-01
11	60	1.614322865e-01
11	61	1.662332466e-01
11	62	1.687337467e-01
11	63	1.661332266e-01
11	64	1.645329066e-01
11	65	1.699339868e-01
11	66	1.689337868e-01
11	67	1.709341868e-01
11	68	1.667333467e-01
11	69	1.680336067e-01
11	70	1.706341268e-01
11	71	1.669333867e-01
11	72	1.685337067e-01
11	73	1.653330666e-01
11	74	1.689337868e-01
11	75	1.663332667e-01
11	76	1.634326865e-01
11	77	1.717343469e-01
11	78	1.641328266e-01
11	79	1.686337267e-01
11	80	1.620324065e-01
11	81	1.667333467e-01
11	82	1.706341268e-01
11	83	1.644328866e-01
11	84	1.689337868e-01
11	85	1.617323465e-01
11	86	1.701340268e-01
11	87	1.635327065e-01
11	88	1.615323065e-01
11	89	1.684336867e-01
11	90	1.675335067e-01
11	91	1.637327465e-01
11	92	1.672334467e-01
11	93	1.612322464e-01
11	94	1.707341468e-01
11	95	1.646329266e-01
11	96	1.617323465e-01
11	97	1.658331666e-01
11	98	1.644328866e-01
11	99	1.627325465e-01
11	100	1.665333067e-01
12	1	1.657331466e-01
12	2	1.660332066e-01
12	3	1.723344669e-01
12	4	1.636327265e-01
12	5	1.678335667e-01
12	6	1.676335267e-01
12	7	1.672334467e-01
12	8	1.631326265e-01
12	9	1.692338468e-01
12	10	1.701340268e-01
12	11	1.640328066e-01
12	12	2.338467694e-01
12	13	1.677335467e-01
12	14	1.646329266e-01
12	15	1.607321464e-01
12	16	1.752350470e-01
12	17	1.677335467e-01
12	18	1.668333667e-01
12	19	1.676335267e-01
12	20	1.642328466e-01
12	21	1.649329866e-01
12	22	1.622324465e-01
12	23	1.677335467e-01
12	24	1.698339668e-01
12	25	1.659331866e-01
12	26	1.659331866e-01
12	27	1.620324065e-01
12	28	1.678335667e-01
12	29	1.709341868e-01
12	30	1.665333067e-01
12	31	1.647329466e-01
12	32	1.692338468e-01
12	33	1.690338068e-01
12	34	1.648329666e-01
12	35	1.645329066e-01
12	36	1.670334067e-01
12	37	1.690338068e-01
12	38	1.654330866e-01
12	39	1.649329866e-01
12	40	1.722344469e-01
12	41	1.635327065e-01
12	42	1.682336467e-01
12	43	1.616323265e-01
12	44	1.638327666e-01
12	45	1.650330066e-01
12	46	1.693338668e-01
12	47	1.615323065e-01
12	48	1.719343869e-01
12	49	1.696339268e-01
12	50	1.607321464e-01
12	51	1.717343469e-01
12	52	1.616323265e-01
12	53	1.689337868e-01
12	54	1.692338468e-01
12	55	1.647329466e-01
12	56	1.699339868e-01
12	57	1.663332667e-01
12	58	1.651330266e-01
12	59	1.630326065e-01
12	60	1.699339868e-01
12	61	1.673334667e-01
12	62	1.635327065e-01
12	63	1.744348870e-01
12	64	1.687337467e-01
12	65	1.696339268e-01
12	66	1.631326265e-01
12	67	1.693338668e-01
12	68	1.684336867e-01
12	69	1.642328466e-01
12	70	1.657331466e-01
12	71	1.687337467e-01
12	72	1.657331466e-01
12	73	1.678335667e-01
12	74	1.647329466e-01
12	75	1.686337267e-01
12	76	1.646329266e-01
12	77	1.691338268e-01
12	78	1.675335067e-01
12	79	1.699339868e-01
12	80	1.696339268e-01
12	81	1.641328266e-01
12	82	1.636327265e-01
12	83	1.654330866e-01
12	84	1.702340468e-01
12	85	1.669333867e-01
12	86	1.644328866e-01
12	87	1.693338668e-01
12	88	1.689337868e-01
12	89	1.687337467e-01
12	90	1.630326065e-01
12	91	1.636327265e-01
12	92	1.703340668e-01
12	93	1.684336867e-01
12	94	1.621324265e-01
12	95	1.693338668e-01
12	96	1.630326065e-01
12	97	1.680336067e-01
12	98	1.665333067e-01
12	99	1.641328266e-01
12	100	1.693338668e-01
13	1	1.693338668e-01
13	2	1.659331866e-01
13	3	1.603320664e-01
13	4	1.702340468e-01
13	5	1.665333067e-01
13	6	1.689337868e-01
13	7	1.648329666e-01
13	8	1.613322665e-01
13	9	1.627325465e-01
13	10	1.684336867e-01
13	11	1.700340068e-01
13	12	1.677335467e-01
13	13	2.085417083e-01
13	14	1.654330866e-01
13	15	1.635327065e-01
13	16	1.656331266e-01
13	17	1.671334267e-01
13	18	1.713342669e-01
13	19	1.679335867e-01
13	20	1.661332266e-01
13	21	1.679335867e-01
13	22	1.642328466e-01
13	23	1.719343869e-01
13	24	1.636327265e-01
13	25	1.681336267e-01
13	26	1.655331066e-01
13	27	1.682336467e-01
13	28	1.683336667e-01
13	29	1.672334467e-01
13	30	1.621324265e-01
13	31	1.621324265e-01
13	32	1.666333267e-01
13	33	1.705341068e-01
13	34	1.658331666e-01
13	35	1.669333867e-01
13	36	1.669333867e-01
13	37	1.693338668e-01
13	38	1.636327265e-01
13	39	1.697339468e-01
13	40	1.676335267e-01
13	41	1.633326665e-01
13	42	1.641328266e-01
13	43	1.639327866e-01
13	44	1.647329466e-01
13	45	1.672334467e-01
13	46	1.654330866e-01
13	47	1.714342869e-01
13	48	1.686337267e-01
13	49	1.652330466e-01
13	50	1.653330666e-01
13	51	1.658331666e-01
13	52	1.667333467e-01
13	53	1.669333867e-01
13	54	1.650330066e-01
13	55	1.669333867e-01
13	56	1.667333467e-01
13	57	1.661332266e-01
13	58	1.667333467e-01
13	59	1.687337467e-01
13	60	1.684336867e-01
13	61	1.643328666e-01
13	62	1.685337067e-01
13	63	1.653330666e-01
13	64	1.628325665e-01
13	65	1.681336267e-01
13	66	1.652330466e-01
13	67	1.684336867e-01
13	68	1.657331466e-01
13	69	1.687337467e-01
13	70	1.692338468e-01
13	71	1.640328066e-01
13	72	1.605321064e-01
13	73	1.715343069e-01
13	74	1.650330066e-01
13	75	1.689337868e-01
13	76	1.659331866e-01
13	77	1.662332466e-01
13	78	1.620324065e-01
13	79	1.638327666e-01
13	80	1.655331066e-01
13	81	1.642328466e-01
13	82	1.688337668e-01
13	83	1.713342669e-01
13	84	1.660332066e-01
13	85	1.634326865e-01
13	86	1.631326265e-01
13	87	1.728345669e-01
13	88	1.649329866e-01
13	89	1.643328666e-01
13	90	1.683336667e-01
13	91	1.678335667e-01
13	92	1.674334867e-01
13	93	1.659331866e-01
13	94	1.691338268e-01
13	95	1.692338468e-01
13	96	1.669333867e-01
13	97	1.666333267e-01
13	98	1.658331666e-01
13	99	1.706341268e-01
13	100	1.660332066e-01
14	1	1.654330866e-01
14	2	1.677335467e-01
14	3	1.691338268e-01
14	4	1.656331266e-01
14	5	1.683336667e-01
14	6	1.712342468e-01
14	7	1.675335067e-01
14	8	1.678335667e-01
14	9	1.684336867e-01
14	10	1.654330866e-01
14	11	1.629325865e-01
14	12	1.646329266e-01
14	13	1.654330866e-01
14	14	2.165433087e-01
14	15	1.662332466e-01
14	16	1.718343669e-01
14	17	1.650330066e-01
14	18	1.633326665e-01
14	19	1.689337868e-01
14	20	1.656331266e-01
14	21	1.688337668e-01
14	22	1.685337067e-01
14	23	1.641328266e-01
14	24	1.712342468e-01
14	25	1.662332466e-01
14	26	1.697339468e-01
14	27	1.665333067e-01
14	28	1.694338868e-01
14	29	1.674334867e-01
14	30	1.647329466e-01
14	31	1.621324265e-01
14	32	1.655331066e-01
14	33	1.703340668e-01
14	34	1.686337267e-01
14	35	1.684336867e-01
14	36	1.679335867e-01
14	37	1.655331066e-01
14	38	1.734346869e-01
14	39	1.635327065e-01
14	40	1.632326465e-01
14	41	1.681336267e-01
14	42	1.633326665e-01
14	43	1.633326665e-01
14	44	1.675335067e-01
14	45	1.663332667e-01
14	46	1.649329866e-01
14	47	1.637327465e-01
14	48	1.672334467e-01
14	49	1.614322865e-01
14	50	1.675335067e-01
14	51	1.623324665e-01
14	52	1.655331066e-01
14	53	1.649329866e-01
14	54	1.642328466e-01
14	55	1.680336067e-01
14	56	1.621324265e-01
14	57	1.663332667e-01
14	58	1.671334267e-01
14	59	1.649329866e-01
14	60	1.681336267e-01
14	61	1.632326465e-01
14	62	1.633326665e-01
14	63	1.735347069e-01
14	64	1.629325865e-01
14	65	1.664332867e-01
14	66	1.670334067e-01
14	67	1.720344069e-01
14	68	1.697339468e-01
14	69	1.665333067e-01
14	70	1.669333867e-01
14	71	1.661332266e-01
14	72	1.665333067e-01
14	73	1.674334867e-01
14	74	1.708341668e-01
14	75	1.710342068e-01
14	76	1.616323265e-01
14	77	1.710342068e-01
14	78	1.711342268e-01
14	79	1.669333867e-01
14	80	1.696339268e-01
14	81	1.639327866e-01
14	82	1.632326465e-01
14	83	1.676335267e-01
14	84	1.662332466e-01
14	85	1.624324865e-01
14	86	1.670334067e-01
14	87	1.653330666e-01
14	88	1.583316663e-01
14	89	1.681336267e-01
14	90	1.706341268e-01
14	91	1.670334067e-01
14	92	1.669333867e-01
14	93	1.670334067e-01
14	94	1.670334067e-01
14	95	1.721344269e-01
14	96	1.657331466e-01
14	97	1.640328066e-01
14	98	1.644328866e-01
14	99	1.666333267e-01
14	100	1.692338468e-01
15	1	1.687337467e-01
15	2	1.709341868e-01
15	3	1.664332867e-01
15	4	1.603320664e-01
15	5	1.635327065e-01
15	6	1.695339068e-01
15	7	1.664332867e-01
15	8	1.665333067e-01
15	9	1.693338668e-01
15	10	1.671334267e-01
15	11	1.693338668e-01
15	12	1.607321464e-01
15	13	1.635327065e-01
15	14	1.662332466e-01
15	15	1.979395879e-01
15	16	1.635327065e-01
15	17	1.619323865e-01
15	18	1.608321664e-01
15	19	1.691338268e-01
15	20	1.643328666e-01
15	21	1.686337267e-01
15	22	1.653330666e-01
15	23	1.649329866e-01
15	24	1.710342068e-01
15	25	1.664332867e-01
15	26	1.650330066e-01
15	27	1.706341268e-01
15	28	1.667333467e-01
15	29	1.657331466e-01
15	30	1.674334867e-01
15	31	1.672334467e-01
15	32	1.691338268e-01
15	33	1.663332667e-01
15	34	1.654330866e-01
15	35	1.728345669e-01
15	36	1.696339268e-01
15	37	1.658331666e-01
15	38	1.691338268e-01
15	39	1.689337868e-01
15	40	1.656331266e-01
15	41	1.643328666e-01
15	42	1.623324665e-01
15	43	1.680336067e-01
15	44	1.661332266e-01
15	45	1.695339068e-01
15	46	1.646329266e-01
15	47	1.677335467e-01
15	48	1.676335267e-01
15	49	1.653330666e-01
15	50	1.677335467e-01
15	51	1.689337868e-01
15	52	1.687337467e-01
15	53	1.635327065e-01
15	54	1.658331666e-01
15	55	1.675335067e-01
15	56	1.733346669e-01
15	57	1.665333067e-01
15	58	1.644328866e-01
15	59	1.639327866e-01
15	60	1.687337467e-01
15	61	1.714342869e-01
15	62	1.650330066e-01
15	63	1.665333067e-01
15	64	1.706341268e-01
15	65	1.620324065e-01
15	66	1.652330466e-01
15	67	1.696339268e-01
15	68	1.646329266e-01
15	69	1.697339468e-01
15	70	1.700340068e-01
15	71	1.689337868e-01
15	72	1.566313263e-01
15	73	1.654330866e-01
15	74	1.676335267e-01
15	75	1.647329466e-01
15	76	1.698339668e-01
15	77	1.728345669e-01
15	78	1.665333067e-01
15	79	1.687337467e-01
15	80	1.636327265e-01
15	81	1.690338068e-01
15	82	1.646329266e-01
15	83	1.690338068e-01
15	84	1.706341268e-01
15	85	1.648329666e-01
15	86	1.618323665e-01
15	87	1.655331066e-01
15	88	1.674334867e-01
15	89	1.670334067e-01
15	90	1.690338068e-01
15	91	1.624324865e-01
15	92	1.664332867e-01
15	93	1.721344269e-01
15	94	1.639327866e-01
15	95	1.683336667e-01
15	96	1.604320864e-01
15	97	1.695339068e-01
15	98	1.686337267e-01
15	99	1.637327465e-01
15	100	1.698339668e-01
16	1	1.583316663e-01
16	2	1.657331466e-01
16	3	1.703340668e-01
16	4	1.657331466e-01
16	5	1.695339068e-01
16	6	1.697339468e-01
16	7	1.646329266e-01
16	8	1.695339068e-01
16	9	1.638327666e-01
16	10	1.663332667e-01
16	11	1.684336867e-01
16	12	1.752350470e-01
16	13	1.656331266e-01
16	14	1.718343669e-01
16	15	1.635327065e-01
16	16	2.121424285e-01
16	17	1.652330466e-01
16	18	1.615323065e-01
16	19	1.693338668e-01
16	20	1.679335867e-01
16	21	1.652330466e-01
16	22	1.646329266e-01
16	23	1.670334067e-01
16	24	1.668333667e-01
16	25	1.637327465e-01
16	26	1.665333067e-01
16	27	1.642328466e-01
16	28	1.677335467e-01
16	29	1.662332466e-01
16	30	1.640328066e-01
16	31	1.621324265e-01
16	32	1.662332466e-01
16	33	1.634326865e-01
16	34	1.654330866e-01
16	35	1.646329266e-01
16	36	1.702340468e-01
16	37	1.675335067e-01
16	38	1.669333867e-01
16	39	1.651330266e-01
16	40	1.671334267e-01
16	41	1.658331666e-01
16	42	1.689337868e-01
16	43	1.661332266e-01
16	44	1.651330266e-01
16	45	1.645329066e-01
16	46	1.644328866e-01
16	47	1.703340668e-01
16	48	1.660332066e-01
16	49	1.672334467e-01
16	50	1.670334067e-01
16	51	1.708341668e-01
16	52	1.681336267e-01
16	53	1.669333867e-01
16	54	1.663332667e-01
16	55	1.656331266e-01
16	56	1.604320864e-01
16	57	1.703340668e-01
16	58	1.696339268e-01
16	59	1.663332667e-01
16	60	1.641328266e-01
16	61	1.703340668e-01
16	62	1.651330266e-01
16	63	1.653330666e-01
16	64	1.619323865e-01
16	65	1.669333867e-01
16	66	1.675335067e-01
16	67	1.677335467e-01
16	68	1.671334267e-01
16	69	1.603320664e-01
16	70	1.655331066e-01
16	71	1.648329666e-01
16	72	1.648329666e-01
16	73	1.706341268e-01
16	74	1.666333267e-01
16	75	1.679335867e-01
16	76	1.657331466e-01
16	77	1.658331666e-01
16	78	1.647329466e-01
16	79	1.674334867e-01
16	80	1.665333067e-01
16	81	1.631326265e-01
16	82	1.645329066e-01
16	83	1.676335267e-01
16	84	1.651330266e-01
16	85	1.681336267e-01
16	86	1.640328066e-01
16	87	1.685337067e-01
16	88	1.716343269e-01
16	89	1.634326865e-01
16	90	1.726345269e-01
16	91	1.643328666e-01
16	92	1.691338268e-01
16	93	1.661332266e-01
16	94	1.666333267e-01
16	95	1.623324665e-01
16	96	1.709341868e-01
16	97	1.693338668e-01
16	98	1.656331266e-01
16	99	1.652330466e-01
16	100	1.720344069e-01
17	1	1.661332266e-01
17	2	1.685337067e-01
17	3	1.676335267e-01
17	4	1.680336067e-01
17	5	1.672334467e-01
17	6	1.678335667e-01
17	7	1.671334267e-01
17	8	1.653330666e-01
17	9	1.636327265e-01
17	10	1.671334267e-01
17	11	1.664332867e-01
17	12	1.677335467e-01
17	13	1.671334267e-01
17	14	1.650330066e-01
17	15	1.619323865e-01
17	16	1.652330466e-01
17	17	2.219443889e-01
17	18	1.628325665e-01
17	19	1.642328466e-01
17	20	1.704340868e-01
17	21	1.659331866e-01
17	22	1.640328066e-01
17	23	1.653330666e-01
17	24	1.655331066e-01
17	25	1.700340068e-01
17	26	1.673334667e-01
17	27	1.675335067e-01
17	28	1.622324465e-01
17	29	1.715343069e-01
17	30	1.665333067e-01
17	31	1.665333067e-01
17	32	1.666333267e-01
17	33	1.634326865e-01
17	34	1.677335467e-01
17	35	1.648329666e-01
17	36	1.670334067e-01
17	37	1.661332266e-01
17	38	1.678335667e-01
17	39	1.680336067e-01
17	40	1.676335267e-01
17	41	1.682336467e-01
17	42	1.671334267e-01
17	43	1.688337668e-01
17	44	1.645329066e-01
17	45	1.666333267e-01
17	46	1.654330866e-01
17	47	1.697339468e-01
17	48	1.682336467e-01
17	49	1.675335067e-01
17	50	1.663332667e-01
17	51	1.661332266e-01
17	52	1.678335667e-01
17	53	1.618323665e-01
17	54	1.693338668e-01
17	55	1.664332867e-01
17	56	1.646329266e-01
17	57	1.707341468e-01
17	58	1.644328866e-01
17	59	1.648329666e-01
17	60	1.675335067e-01
17	61	1.653330666e-01
17	62	1.679335867e-01
17	63	1.658331666e-01
17	64	1.627325465e-01
17	65	1.650330066e-01
17	66	1.667333467e-01
17	67	1.666333267e-01
17	68	1.721344269e-01
17	69	1.654330866e-01
17	70	1.639327866e-01
17	71	1.687337467e-01
17	72	1.693338668e-01
17	73	1.674334867e-01
17	74	1.678335667e-01
17	75	1.633326665e-01
17	76	1.674334867e-01
17	77	1.667333467e-01
17	78	1.698339668e-01
17	79	1.658331666e-01
17	80	1.681336267e-01
17	81	1.675335067e-01
17	82	1.645329066e-01
17	83	1.682336467e-01
17	84	1.686337267e-01
17	85	1.667333467e-01
17	86	1.642328466e-01
17	87	1.672334467e-01
17	88	1.656331266e-01
17	89	1.683336667e-01
17	90	1.663332667e-01
17	91	1.700340068e-01
17	92	1.650330066e-01
17	93	1.705341068e-01
17	94	1.624324865e-01
17	95	1.724344869e-01
17	96	1.703340668e-01
17	97	1.636327265e-01
17	98	1.692338468e-01
17	99	1.679335867e-01
17	100	1.688337668e-01
18	1	1.691338268e-01
18	2	1.640328066e-01
18	3	1.652330466e-01
18	4	1.640328066e-01
18	5	1.658331666e-01
18	6	1.593318664e-01
18	7	1.712342468e-01
18	8	1.646329266e-01
18	9	1.706341268e-01
18	10	1.662332466e-01
18	11	1.703340668e-01
18	12	1.668333667e-01
18	13	1.713342669e-01
18	14	1.633326665e-01
18	15	1.608321664e-01
18	16	1.615323065e-01
18	17	1.628325665e-01
18	18	2.238447690e-01
18	19	1.653330666e-01
18	20	1.712342468e-01
18	21	1.687337467e-01
18	22	1.684336867e-01
18	23	1.633326665e-01
18	24	1.648329666e-01
18	25	1.729345869e-01
18	26	1.680336067e-01
18	27	1.660332066e-01
18	28	1.679335867e-01
18	29	1.642328466e-01
18	30	1.705341068e-01
18	31	1.635327065e-01
18	32	1.701340268e-01
18	33	1.645329066e-01
18	34	1.605321064e-01
18	35	1.655331066e-01
18	36	1.666333267e-01
18	37	1.641328266e-01
18	38	1.653330666e-01
18	39	1.672334467e-01
18	40	1.688337668e-01
18	41	1.651330266e-01
18	42	1.698339668e-01
18	43	1.726345269e-01
18	44	1.686337267e-01
18	45	1.635327065e-01
18	46	1.661332266e-01
18	47	1.638327666e-01
18	48	1.677335467e-01
18	49	1.646329266e-01
18	50	1.656331266e-01
18	51	1.681336267e-01
18	52	1.682336467e-01
18	53	1.673334667e-01
18	54	1.655331066e-01
18	55	1.650330066e-01
18	56	1.661332266e-01
18	57	1.667333467e-01
18	58	1.634326865e-01
18	59	1.643328666e-01
18	60	1.658331666e-01
18	61	1.673334667e-01
18	62	1.677335467e-01
18	63	1.650330066e-01
18	64	1.629325865e-01
18	65	1.704340868e-01
18	66	1.698339668e-01
18	67	1.721344269e-01
18	68	1.727345469e-01
18	69	1.640328066e-01
18	70	1.666333267e-01
18	71	1.707341468e-01
18	72	1.674334867e-01
18	73	1.638327666e-01
18	74	1.660332066e-01
18	75	1.677335467e-01
18	76	1.657331466e-01
18	77	1.641328266e-01
18	78	1.693338668e-01
18	79	1.630326065e-01
18	80	1.631326265e-01
18	81	1.690338068e-01
18	82	1.673334667e-01
18	83	1.628325665e-01
18	84	1.633326665e-01
18	85	1.663332667e-01
18	86	1.687337467e-01
18	87	1.669333867e-01
18	88	1.653330666e-01
18	89	1.672334467e-01
18	90	1.643328666e-01
18	91	1.647329466e-01
18	92	1.690338068e-01
18	93	1.654330866e-01
18	94	1.707341468e-01
18	95	1.675335067e-01
18	96	1.670334067e-01
18	97	1.650330066e-01
18	98	1.687337467e-01
18	99	1.663332667e-01
18	100	1.639327866e-01
19	1	1.668333667e-01
19	2	1.651330266e-01
19	3	1.722344469e-01
19	4	1.689337868e-01
19	5	1.659331866e-01
19	6	1.632326465e-01
19	7	1.702340468e-01
19	8	1.671334267e-01
19	9	1.670334067e-01
19	10	1.677335467e-01
19	11	1.670334067e-01
19	12	1.676335267e-01
19	13	1.679335867e-01
19	14	1.689337868e-01
19	15	1.691338268e-01
19	16	1.693338668e-01
19	17	1.642328466e-01
19	18	1.653330666e-01
19	19	2.172434487e-01
19	20	1.646329266e-01
19	21	1.655331066e-01
19	22	1.692338468e-01
19	23	1.695339068e-01
19	24	1.645329066e-01
19	25	1.705341068e-01
19	26	1.701340268e-01
19	27	1.649329866e-01
19	28	1.659331866e-01
19	29	1.639327866e-01
19	30	1.611322264e-01
19	31	1.653330666e-01
19	32	1.692338468e-01
19	33	1.646329266e-01
19	34	1.724344869e-01
19	35	1.643328666e-01
19	36	1.613322665e-01
19	37	1.703340668e-01
19	38	1.673334667e-01
19	39	1.713342669e-01
19	40	1.675335067e-01
19	41	1.649329866e-01
19	42	1.596319264e-01
19	43	1.652330466e-01
19	44	1.741348270e-01
19	45	1.634326865e-01
19	46	1.664332867e-01
19	47	1.707341468e-01
19	48	1.655331066e-01
19	49	1.675335067e-01
19	50	1.683336667e-01
19	51	1.686337267e-01
19	52	1.633326665e-01
19	53	1.679335867e-01
19	54	1.673334667e-01
19	55	1.666333267e-01
19	56	1.660332066e-01
19	57	1.590318064e-01
19	58	1.661332266e-01
19	59	1.729345869e-01
19	60	1.730346069e-01
19	61	1.641328266e-01
19	62	1.627325465e-01
19	63	1.592318464e-01
19	64	1.699339868e-01
19	65	1.668333667e-01
